300 70 50
439 6
234 81 39 383 54 268
752 15
70 75 454 355 499 39 275 261 433 474 346 428 449 377 59
838 43
467 143 69 104 435 34 305 274 103 456 125 424 204 197 339 119 497 105 82 187 138 71 256 46 421 306 489 258 232 168 405 297 184 446 269 230 320 28 59 407 431 244 303
632 23
461 231 104 379 87 362 232 319 132 300 152 406 436 169 489 23 172 347 333 91 486 476 126
683 6
369 334 76 160 281 188
133 33
418 191 336 114 383 347 137 368 424 127 373 16 481 408 280 12 85 434 92 431 195 295 134 363 241 344 346 500 391 324 213 151 9
723 5
474 173 493 164 59
86 20
104 40 175 294 69 383 441 178 426 337 42 297 2 486 413 263 155 128 99 159
59 11
164 340 415 381 337 80 75 432 55 349 353
717 11
198 388 112 17 371 161 273 197 191 53 172
615 3
452 102 445
413 28
368 132 245 297 107 136 399 243 219 428 212 450 405 389 338 205 316 187 2 381 57 39 209 155 163 208 300 317
128 21
236 419 106 496 110 287 438 112 174 370 478 163 345 498 329 188 214 195 123 176 307
143 48
485 438 453 262 407 113 329 449 405 343 171 98 127 183 39 172 213 30 173 25 70 123 288 5 97 483 422 376 205 402 404 443 121 413 145 116 411 299 500 48 100 400 440 62 105 293 223 92
565 29
469 271 258 13 314 316 88 137 446 277 383 428 364 169 149 285 312 90 26 39 83 409 436 194 96 365 313 395 10
346 21
136 43 384 194 94 272 430 154 338 213 107 469 321 98 9 395 373 468 484 1 168
747 29
489 451 371 467 90 47 270 408 486 63 150 280 283 20 328 70 349 156 61 313 229 26 323 494 113 354 358 24 41
106 23
319 281 115 308 340 443 100 201 338 282 383 70 97 55 462 156 300 172 180 51 363 268 246
87 49
453 199 108 231 222 364 165 150 68 39 290 81 45 309 46 472 113 11 446 232 479 349 465 422 389 447 126 212 244 477 396 288 423 387 495 481 262 34 82 73 327 421 330 131 483 316 209 377 277
867 8
175 45 369 398 484 417 157 99
912 46
125 406 92 78 405 276 300 294 25 291 223 404 154 226 381 363 434 18 183 356 207 120 451 382 469 299 364 166 388 316 6 237 101 423 200 219 254 317 295 307 172 340 455 415 332 421
713 13
195 338 347 383 92 438 276 90 47 10 442 379 100
335 40
206 66 144 64 102 393 138 316 371 156 130 297 70 63 349 489 419 374 421 43 362 235 32 319 423 16 471 12 434 350 261 245 203 119 263 497 167 318 221 351
720 25
352 20 436 307 285 155 49 229 163 28 79 63 78 364 45 206 467 382 150 279 320 182 128 399 421
993 27
408 426 87 218 70 307 367 437 396 58 448 392 124 193 384 100 59 393 397 17 402 213 304 340 463 63 91
119 35
331 262 216 152 215 100 232 228 340 394 40 146 261 2 451 84 317 173 139 304 85 446 187 408 478 165 301 273 57 51 189 411 206 330 399
212 26
219 2 3 195 14 378 355 294 365 45 194 118 468 351 418 130 349 67 217 499 383 431 222 334 442 342
104 11
474 55 470 482 71 20 12 156 265 138 50
887 49
478 394 91 100 202 337 265 4 22 106 98 444 230 74 70 387 128 414 335 264 384 322 87 54 77 341 146 344 398 304 125 143 176 111 94 203 388 158 159 163 115 371 109 329 58 73 381 438 299
412 36
115 172 196 132 245 493 11 257 83 355 322 8 136 144 380 280 189 406 230 165 407 201 116 469 139 442 106 385 216 319 299 425 397 289 104 438
173 36
448 187 388 220 424 324 320 82 450 383 325 257 332 237 334 370 361 336 1 342 349 498 474 214 17 190 459 179 103 274 61 309 181 393 479 149
325 27
441 301 121 330 182 435 300 463 232 174 131 235 462 86 37 385 461 489 327 356 137 452 146 70 128 370 294
515 27
185 182 238 351 111 256 382 461 94 244 23 98 354 192 462 164 70 434 253 74 158 362 6 295 404 162 416
362 44
109 221 63 253 29 442 18 114 219 141 198 182 181 473 270 486 393 148 439 175 286 406 410 5 92 355 61 144 327 205 135 302 143 392 26 177 73 321 238 341 499 164 395 158
309 19
254 155 225 119 137 387 279 451 420 350 6 8 412 201 491 314 333 348 283
197 27
80 394 127 467 279 133 452 289 203 307 391 101 407 483 132 186 261 157 431 404 346 32 8 316 281 287 121
494 43
137 290 335 489 385 80 243 319 429 229 386 150 62 333 283 119 449 236 480 377 109 327 242 102 36 304 130 266 392 152 127 427 354 22 450 169 410 351 364 146 14 118 76
383 24
337 189 202 225 129 158 427 426 497 64 215 387 477 207 381 59 244 54 242 328 378 68 255 474
282 40
90 372 91 53 394 270 483 299 45 436 443 165 149 338 377 200 40 426 360 459 131 292 224 42 479 346 407 249 332 233 215 61 133 11 129 295 236 75 500 400
905 2
100 489
99 15
433 182 388 338 333 227 381 186 48 204 253 100 289 402 138
248 3
495 76 428
317 33
268 213 484 108 290 344 383 40 393 177 311 381 91 286 271 264 427 258 358 243 145 452 21 62 406 366 306 195 475 424 279 207 100
578 7
309 198 314 380 408 207 301
742 40
236 70 476 125 294 46 274 497 247 255 360 157 186 301 280 112 187 34 246 334 361 77 365 313 85 45 441 409 303 206 248 297 175 296 26 480 467 293 445 470
881 49
479 490 403 335 422 184 421 206 279 452 91 178 357 218 70 435 313 474 191 47 475 201 380 293 83 305 468 491 440 400 162 429 382 374 260 139 337 95 395 410 349 37 59 137 425 282 107 112 318
275 36
387 60 204 39 71 226 446 264 92 490 213 386 287 330 271 349 76 211 136 284 407 313 63 13 345 86 124 306 120 52 73 411 140 151 499 216
840 16
331 274 391 39 349 409 131 70 437 341 198 100 350 474 134 372
339 35
162 369 346 20 406 395 353 58 158 286 329 350 323 362 23 203 142 381 106 255 189 424 211 363 63 25 108 100 375 313 368 12 497 434 357
361 33
213 478 256 87 342 398 386 347 56 281 51 1 119 149 156 487 300 269 488 418 229 124 178 476 282 350 258 471 78 337 201 297 467
