284 196 100
712 78
737 473 781 973 982 150 769 164 935 586 417 504 582 123 978 109 324 135 189 958 503 717 574 601 386 472 873 944 6 387 962 764 895 537 98 716 778 337 200 733 74 464 88 810 129 707 43 700 549 848 702 692 684 915 876 75 939 794 840 644 224 927 492 335 398 112 388 187 879 370 965 628 99 465 463 93 610 984
923 68
240 882 476 639 888 839 210 833 566 268 158 140 233 300 723 521 69 937 181 811 93 28 498 902 15 688 204 3 536 887 889 114 284 203 357 574 257 308 705 757 700 230 247 430 95 972 120 896 893 991 558 845 740 773 751 984 339 251 818 988 822 530 178 830 459 905 690 917
520 11
234 738 12 515 847 402 353 143 159 386 620
772 50
369 199 303 222 410 991 823 462 834 575 731 130 175 419 871 58 404 630 576 899 577 468 273 785 968 159 337 418 901 209 72 673 362 512 755 428 515 831 196 677 759 552 506 47 764 449 87 111 622 951
625 16
849 944 585 682 48 205 604 225 250 750 237 694 992 216 406 695
960 23
76 963 702 604 340 112 305 591 782 493 373 150 293 362 369 633 984 596 637 320 810 266 159
838 81
718 939 340 422 58 110 436 863 736 402 808 282 355 717 652 615 556 911 325 77 464 516 594 787 947 854 770 416 313 268 228 283 765 421 990 108 178 645 644 960 598 483 914 134 905 42 304 604 342 311 600 33 901 725 697 881 94 848 959 733 195 296 950 426 234 519 739 446 323 666 563 987 569 213 557 14 822 252 274 745 449
999 16
532 723 362 530 350 430 302 886 918 711 394 790 43 713 921 716
939 71
196 779 759 346 573 683 448 563 997 741 656 177 945 626 117 533 181 265 854 46 274 444 758 671 994 358 360 6 288 947 212 69 615 571 742 661 753 55 591 503 772 66 31 176 941 295 200 161 322 635 451 920 544 512 388 829 574 856 334 529 771 546 519 368 921 813 130 525 118 22 835
368 89
271 293 513 590 618 595 15 986 233 990 156 781 687 768 512 890 732 791 435 179 710 500 889 223 909 649 577 800 682 993 102 670 935 522 115 379 455 44 962 642 701 599 228 994 654 855 651 193 711 971 745 289 273 330 166 8 678 809 620 589 886 811 614 904 21 483 493 89 56 270 326 449 145 764 279 267 942 771 91 10 634 639 208 398 972 908 743 934 716
224 95
696 538 512 670 977 328 586 159 219 949 118 895 307 53 730 125 262 155 485 773 274 204 747 639 348 961 596 367 671 959 68 881 392 992 779 662 566 576 890 235 918 38 238 33 319 718 19 487 894 351 187 517 80 232 222 178 141 775 151 279 539 214 41 801 878 533 3 93 891 420 739 102 897 293 369 67 339 676 798 786 170 484 215 925 837 520 903 681 283 989 224 986 893 96 6
41 68
73 911 60 486 98 66 548 480 94 70 522 155 978 443 430 25 254 534 542 935 946 457 564 964 56 232 829 75 648 63 259 626 41 993 371 152 399 828 11 931 957 901 703 477 479 888 243 960 252 420 860 719 97 871 215 599 331 557 898 463 129 831 10 847 757 83 918 276
672 21
867 414 933 914 29 642 324 950 430 299 578 358 54 384 110 899 461 408 278 45 185
472 100
820 374 190 744 176 159 489 205 211 396 582 916 837 734 770 890 22 772 42 438 863 302 352 768 168 710 297 897 453 973 193 331 252 86 757 939 844 165 955 415 387 968 547 860 779 674 981 173 434 760 606 46 702 459 599 288 703 816 170 787 509 287 651 610 519 696 361 512 110 655 635 813 636 514 254 976 229 516 949 856 826 791 935 940 899 866 276 233 249 491 129 778 97 71 717 13 95 144 446 54
364 4
604 207 142 379
156 66
376 735 904 639 796 428 989 405 721 958 142 931 995 740 834 625 47 312 255 149 663 58 123 797 999 907 525 591 321 367 340 744 982 135 864 238 608 66 564 370 463 704 872 826 997 383 86 184 362 527 335 687 385 271 928 331 785 890 257 481 171 739 861 39 345 535
219 61
235 230 983 234 902 144 872 280 277 631 510 289 781 267 1 28 450 683 246 526 469 160 86 56 857 662 297 366 573 743 687 645 324 599 672 111 940 287 913 283 511 668 281 601 173 339 665 707 917 563 98 750 996 353 508 839 100 775 191 907 749
117 23
854 164 677 577 298 754 721 423 277 525 807 736 900 288 622 246 228 396 860 579 958 665 582
4 40
394 115 805 139 676 502 40 626 670 547 806 899 14 468 608 568 857 29 854 93 833 677 299 401 356 193 470 565 781 284 411 230 70 760 686 369 516 766 485 968
625 38
871 948 574 658 692 196 408 420 822 714 779 604 821 653 235 198 204 851 954 491 159 184 660 507 848 930 128 279 527 287 495 398 5 136 829 131 934 847
487 60
689 634 779 770 433 176 123 677 380 175 665 697 872 551 329 97 997 388 169 167 618 27 596 22 613 345 789 496 164 999 418 56 624 826 756 892 888 95 535 314 322 159 85 196 720 615 106 650 598 648 986 973 46 594 831 229 445 461 932 50
842 68
399 14 856 829 909 40 901 598 221 660 558 171 624 745 153 978 882 671 415 730 894 749 92 224 622 771 299 453 472 576 298 799 329 560 392 554 600 70 522 436 394 170 938 679 93 351 482 648 296 287 957 868 714 35 972 146 906 947 180 876 752 897 340 837 580 839 319 677
795 29
123 370 19 237 328 284 258 15 549 732 753 568 670 247 339 707 724 422 99 896 395 717 810 489 62 229 113 976 302
97 88
919 721 939 390 242 65 909 717 338 261 296 610 313 813 196 50 730 754 683 872 442 88 61 369 886 602 573 796 708 776 436 335 883 172 865 862 363 815 923 613 803 522 809 194 744 187 397 625 100 257 906 782 325 647 321 190 32 831 532 415 643 138 515 377 903 62 240 466 977 319 819 658 160 982 868 545 878 737 258 788 884 536 439 712 604 952 867 394
792 48
265 362 784 398 815 96 657 471 203 647 642 681 741 783 696 319 270 281 356 824 607 134 646 379 997 518 24 552 777 655 706 669 168 334 181 971 194 522 902 226 441 725 827 692 653 969 209 115
801 24
976 330 734 524 90 592 813 612 472 171 764 821 7 705 660 241 872 202 726 343 257 461 766 746
782 74
651 642 427 756 841 416 349 798 802 928 857 507 231 882 481 366 996 180 789 408 272 361 912 943 294 363 345 708 138 670 488 570 713 391 854 37 4 414 497 593 352 655 338 176 964 606 2 286 400 934 579 480 301 382 102 736 496 234 869 362 308 795 426 263 98 632 740 208 776 343 784 56 707 633
900 53
729 70 477 931 523 200 173 444 106 596 234 36 455 900 298 299 250 359 124 379 689 983 827 990 883 679 426 366 985 59 984 874 233 604 970 735 703 100 650 594 955 895 787 294 935 382 422 624 463 418 759 457 738
523 34
611 795 306 247 815 761 373 821 119 55 937 415 951 388 678 938 746 694 286 313 701 870 826 952 146 834 366 360 284 999 640 199 911 893
553 85
406 934 29 344 192 470 364 465 327 146 538 838 579 75 209 373 530 250 712 917 523 363 217 355 37 940 273 717 641 182 411 507 577 277 553 888 941 357 666 384 793 816 671 196 81 849 255 704 6 339 162 923 681 657 643 980 588 143 696 598 976 360 47 119 758 4 237 491 351 655 662 587 259 274 876 516 982 305 211 547 133 686 78 703 386
456 42
757 944 90 46 98 674 614 840 368 713 780 503 470 498 38 192 932 159 481 732 511 659 583 532 787 426 466 606 29 490 382 708 989 64 683 491 789 567 226 354 168 999
234 40
532 124 98 57 294 320 858 536 920 174 343 458 809 387 162 184 696 461 363 284 292 535 50 84 860 597 733 785 500 193 940 782 244 701 803 395 13 599 250 27
476 14
116 85 293 81 650 259 978 196 863 738 989 432 825 911
975 54
318 284 125 500 199 821 700 194 932 567 785 1 246 879 213 245 394 987 704 904 458 120 998 844 883 577 302 769 168 605 332 797 387 967 95 617 775 516 77 758 31 321 483 257 371 89 655 994 300 719 876 814 973 601
358 6
466 970 992 742 196 268
100 91
771 709 199 26 942 991 500 615 250 901 17 721 985 833 522 395 875 352 846 554 234 845 230 717 285 89 770 338 147 113 544 794 918 539 261 188 3 787 244 414 688 270 509 381 535 8 389 135 902 55 912 642 209 300 662 292 418 914 217 666 186 380 123 969 74 540 753 653 246 583 9 119 604 146 424 610 705 468 459 837 189 510 106 851 984 734 303 120 832 737 455
286 32
155 967 894 363 232 84 22 76 399 522 935 766 252 286 718 104 111 514 477 943 65 791 922 496 228 261 832 788 753 984 934 139
547 55
546 838 354 140 502 885 419 573 295 630 787 214 30 960 736 549 342 67 961 701 819 458 568 114 10 15 799 863 131 162 781 460 70 44 541 80 708 23 269 634 479 542 415 912 967 986 362 149 126 148 857 436 3 155 692
98 84
292 624 168 512 454 19 379 649 299 630 323 157 849 48 929 196 30 498 676 738 820 98 850 560 94 97 124 176 985 876 643 92 881 405 506 352 7 202 619 140 515 130 641 120 580 774 29 71 767 610 23 740 811 276 187 683 810 915 766 604 613 869 903 523 9 890 717 423 906 142 247 401 435 930 154 989 135 225 947 508 64 606 466 206
225 53
701 250 622 641 104 998 159 296 933 544 774 370 989 724 344 33 381 705 317 465 557 232 580 190 887 977 530 65 916 172 971 10 942 364 752 229 556 772 648 405 154 123 512 884 676 599 407 934 400 889 748 878 946
914 4
630 308 716 193
321 43
334 508 39 58 327 126 631 866 714 597 754 972 455 882 798 922 728 284 531 800 25 293 764 738 100 620 355 335 322 306 40 827 399 372 782 885 640 50 143 466 119 188 375
265 64
682 8 578 773 919 653 752 964 182 865 220 962 154 341 77 931 86 748 510 26 875 895 795 730 824 276 858 709 678 602 21 885 166 755 811 778 44 560 124 540 230 550 815 125 379 727 91 532 526 275 882 267 785 831 903 2 889 191 151 336 89 477 233 395
937 49
199 90 828 394 38 224 760 679 442 196 591 460 456 604 732 117 182 284 523 511 826 131 964 271 45 159 468 44 150 201 193 978 5 264 623 268 712 124 481 784 445 211 252 515 323 924 775 676 887
144 97
845 209 37 528 541 190 527 849 230 202 486 876 637 493 944 320 956 936 298 19 143 242 734 117 645 103 583 197 616 435 440 803 890 241 962 114 23 296 692 521 710 629 564 352 363 362 735 663 614 713 354 471 773 407 584 945 290 756 895 6 889 494 854 481 771 64 306 61 379 808 744 173 71 708 870 282 646 553 109 221 522 31 262 210 372 465 727 339 180 430 661 420 739 284 125 222 697
981 77
715 383 941 455 798 872 493 354 251 721 28 706 478 530 65 558 500 393 655 58 507 370 801 216 284 157 3 747 24 360 143 805 341 658 989 694 275 892 600 123 960 57 949 859 929 172 875 63 844 582 328 973 504 559 463 113 102 972 249 793 762 680 459 623 296 987 592 784 847 416 555 302 315 650 619 828 13
444 31
334 460 498 981 943 43 661 996 556 619 692 479 272 686 30 689 244 494 399 211 207 684 378 350 346 649 245 216 83 971 171
714 81
460 195 419 566 493 908 989 206 930 187 687 769 60 138 807 910 270 294 948 591 465 333 943 422 801 700 802 451 642 293 109 37 394 463 863 398 480 805 362 79 990 925 198 216 97 981 504 634 381 541 859 579 58 629 630 82 196 318 563 252 10 573 283 520 804 25 891 210 780 988 844 869 367 301 90 764 105 907 659 711 977
449 96
910 269 91 524 29 620 52 492 725 297 407 652 983 702 633 993 835 201 606 939 261 10 686 996 405 372 304 316 724 504 590 646 757 764 369 499 422 959 937 136 723 256 617 638 719 198 346 942 394 679 762 919 924 147 752 84 773 423 180 907 581 876 595 535 463 404 485 684 629 928 857 955 905 634 887 740 138 290 830 114 116 734 658 190 940 86 900 470 922 635 182 22 493 750 399 842
799 70
39 138 171 196 37 387 317 964 51 343 687 300 640 790 697 18 596 747 713 447 946 469 547 819 91 880 986 758 32 191 96 182 899 541 7 303 420 724 861 307 886 804 351 810 82 931 537 669 242 695 33 42 530 123 187 56 93 815 524 139 198 330 879 176 206 912 329 668 603 620
338 26
567 83 653 236 240 538 299 857 14 427 570 976 776 550 975 378 389 672 391 199 679 918 79 171 62 935
287 19
113 649 558 849 43 245 928 73 714 641 858 186 467 399 565 496 129 777 333
640 81
479 22 436 505 142 123 627 749 593 507 326 221 170 200 867 233 432 477 576 748 926 352 830 818 657 61 20 782 732 730 674 232 343 532 223 290 36 427 92 854 993 351 140 632 483 146 18 930 600 354 357 347 473 989 789 147 310 718 891 86 269 388 298 540 840 210 209 699 229 775 683 88 608 756 190 293 625 966 54 19 918
484 69
93 881 400 969 777 864 41 151 683 348 112 367 410 845 171 787 61 642 712 928 2 87 879 96 621 8 628 717 159 920 784 984 691 496 327 259 971 508 181 396 501 331 72 530 549 719 373 821 354 817 665 799 169 363 268 908 983 307 71 770 527 565 255 179 147 832 241 124 397
384 80
91 810 944 598 816 761 978 69 112 139 885 29 923 861 999 97 787 641 878 667 871 83 81 378 10 11 712 854 365 449 969 462 759 509 443 892 846 132 214 847 809 631 429 546 707 550 630 659 290 472 489 670 393 756 388 958 523 335 947 423 187 289 367 254 604 435 823 177 1 324 804 465 12 411 334 186 284 440 875 674
432 4
765 205 539 962
284 17
287 671 443 137 73 903 545 842 256 328 139 164 454 466 142 298 249
165 19
908 600 85 27 588 142 736 362 973 87 374 32 6 520 776 790 653 603 495
331 2
159 362
159 4
320 646 3 889
717 48
82 465 918 103 503 906 519 818 814 208 777 337 988 877 993 259 974 501 921 284 832 957 56 492 813 294 419 604 322 726 371 865 404 454 233 79 18 742 128 590 470 358 963 961 638 907 942 554
138 52
734 811 54 823 960 147 395 323 572 232 368 21 789 290 664 891 32 30 160 918 9 578 540 977 383 187 590 500 84 654 937 35 65 854 541 626 159 631 810 443 165 260 244 192 880 554 175 509 523 352 346 442
744 10
1 875 656 807 16 186 518 893 413 22
544 85
129 295 37 116 161 405 774 193 608 384 115 73 604 908 661 119 45 47 621 164 358 447 653 562 452 419 21 967 928 238 26 90 595 221 923 136 169 703 199 594 780 436 883 685 248 989 906 889 52 915 135 684 867 413 62 375 28 416 172 815 502 291 249 978 913 38 296 378 778 734 109 427 335 895 770 394 196 676 647 519 252 201 909 773 227
112 93
561 818 541 896 784 650 808 55 293 321 558 813 983 624 592 658 252 700 418 929 192 761 466 247 393 278 58 721 159 889 638 202 716 196 350 44 978 837 415 373 919 427 28 841 943 697 64 947 17 795 460 637 156 514 63 16 228 181 223 218 762 197 689 14 534 194 270 908 869 885 540 408 537 709 31 349 222 622 522 478 146 232 508 878 581 685 118 495 345 531 78 169 493
101 94
309 727 620 838 659 743 576 892 169 895 825 105 823 330 284 776 274 907 796 867 74 981 481 653 800 634 237 989 98 943 351 153 365 697 701 890 349 932 770 581 853 405 100 501 35 478 577 453 401 32 264 224 308 387 518 970 503 752 612 868 125 529 765 187 733 188 196 645 175 773 3 545 201 442 618 738 540 631 20 48 785 472 422 240 988 688 157 267 457 321 550 23 426 664
643 58
67 457 747 367 361 66 424 284 568 180 193 244 956 684 901 555 913 420 408 121 606 326 604 159 591 123 560 868 593 601 827 664 11 520 102 822 116 622 166 636 864 781 528 590 924 803 885 952 252 337 234 669 344 828 569 791 348 345
397 9
604 481 196 290 407 564 633 495 874
647 85
247 736 581 927 511 909 297 964 59 851 55 32 334 65 436 44 957 155 388 147 325 682 58 962 710 41 282 520 303 659 93 336 518 994 205 547 829 535 146 630 220 734 272 533 335 328 819 691 342 955 293 534 842 417 305 264 208 144 509 983 245 850 588 40 398 876 485 650 56 828 96 199 760 549 695 339 385 679 16 761 635 830 484 258 696
92 69
348 946 915 370 981 978 630 663 902 588 895 862 237 124 123 164 983 925 991 970 525 873 419 72 716 159 106 96 156 58 456 225 373 147 69 543 26 453 8 945 487 727 620 384 236 89 959 101 602 582 404 91 79 714 492 140 505 258 789 779 780 375 244 913 801 631 315 661 214
973 45
302 558 113 823 787 50 596 730 973 941 838 66 12 64 214 837 553 372 992 213 171 627 999 919 630 449 30 63 273 209 894 223 546 280 677 349 522 398 287 278 127 594 164 982 882
913 18
29 325 678 40 588 143 283 338 126 118 728 943 807 863 55 590 196 894
412 71
782 698 694 45 216 118 980 733 406 400 591 206 809 858 431 978 125 534 147 218 828 239 501 887 210 613 110 381 343 988 538 956 172 34 465 614 83 330 191 918 362 636 141 743 548 274 879 634 624 304 549 804 294 173 131 764 396 383 344 826 135 195 214 326 824 142 299 25 251 98 355
590 87
486 961 881 938 520 292 335 269 991 552 715 826 380 902 897 755 783 681 370 853 800 744 852 641 304 657 195 446 725 670 138 524 989 570 781 858 719 775 49 361 478 301 124 953 13 1000 784 233 141 254 572 421 72 309 414 85 967 877 502 791 31 140 935 147 997 417 872 971 469 498 206 69 706 260 865 142 912 978 6 680 54 817 913 952 407 329 767
849 28
454 903 159 14 998 725 125 681 569 820 853 9 653 19 686 406 472 304 802 577 843 672 996 464 105 173 317 143
907 14
997 221 159 146 777 211 150 488 340 268 740 984 797 196
570 3
228 426 332
645 51
798 786 639 717 899 914 253 267 935 18 485 67 503 240 630 648 261 101 422 66 317 362 244 883 840 396 799 328 135 90 946 961 948 667 772 476 351 370 867 43 197 57 676 737 277 122 857 836 183 367 86
972 39
515 593 510 752 307 202 429 613 619 954 258 70 662 284 72 735 703 927 406 725 85 980 221 320 361 934 113 380 11 846 938 700 994 906 433 577 56 779 969
370 57
594 375 178 769 468 387 942 275 4 152 541 756 958 335 743 748 635 972 690 515 584 51 97 821 835 555 570 61 758 643 547 295 672 159 54 951 661 828 229 350 142 901 560 180 552 40 226 718 305 148 284 585 452 804 228 973 660
443 84
673 703 490 777 812 786 902 818 254 443 472 616 878 842 541 588 682 867 331 659 173 912 319 345 887 478 246 637 928 593 505 765 502 339 705 975 47 567 537 284 722 562 332 962 599 211 699 133 573 670 987 782 805 408 61 715 806 929 572 718 595 731 547 604 843 328 194 113 831 834 193 849 658 457 450 74 350 989 458 574 293 204 721 893
310 2
989 196
656 46
566 312 326 311 981 394 131 228 907 129 868 412 216 373 411 402 640 5 434 21 443 896 299 355 638 509 989 815 333 860 497 364 918 451 66 550 213 839 772 91 441 133 601 783 642 447
83 41
922 135 533 787 285 705 439 28 275 47 54 178 395 816 899 869 341 878 204 400 830 829 203 459 997 225 813 873 558 665 506 970 865 109 656 422 284 114 743 720 22
793 24
738 349 201 398 317 921 528 341 637 778 521 824 547 177 66 110 613 184 45 546 250 566 11 189
391 100
101 562 770 210 798 379 702 897 421 524 927 297 388 514 724 62 168 999 112 463 308 579 645 736 748 607 92 378 460 743 198 647 516 925 822 445 68 21 383 890 126 733 404 606 284 266 803 280 70 681 957 4 437 41 944 276 278 139 205 932 341 242 6 612 472 682 945 233 599 483 680 643 863 69 557 670 526 138 375 251 55 164 338 774 449 426 311 459 512 151 812 90 93 705 545 495 515 396 756 987
866 43
651 360 901 423 832 241 989 585 797 87 519 735 113 290 640 416 526 948 270 539 913 196 691 362 258 737 656 755 317 13 477 472 800 893 568 905 862 124 311 462 551 137 885
429 4
423 77 876 159
555 77
403 549 358 668 464 94 40 211 810 438 77 98 236 882 517 205 177 738 718 866 34 749 15 339 837 698 523 196 573 485 727 654 765 811 280 221 186 165 980 541 45 951 819 252 479 184 581 435 346 304 128 709 366 799 89 986 679 713 835 405 998 229 199 271 910 357 406 726 522 796 293 301 599 451 934 649 742
548 51
15 909 103 48 681 229 68 187 934 638 700 457 507 27 159 657 394 941 718 313 762 830 336 248 385 454 777 71 713 716 444 166 206 655 324 301 155 532 51 275 996 884 442 734 39 574 365 686 845 721 831
939 51
779 651 840 117 570 507 53 587 449 159 121 262 222 70 676 444 363 436 512 528 470 393 462 253 709 650 860 332 617 915 756 599 178 431 938 395 195 198 797 800 493 689 23 858 618 678 687 911 210 475 718
624 68
519 961 951 514 722 361 343 104 576 144 354 582 32 622 524 666 778 199 264 146 581 409 523 293 776 285 895 113 594 205 305 673 63 163 6 885 766 284 611 404 426 948 904 838 824 735 702 120 245 811 468 281 159 201 240 525 950 1 568 355 675 827 301 925 221 919 22 156
685 61
361 362 283 488 804 614 784 383 675 29 495 274 462 996 138 424 398 929 697 826 11 458 835 155 610 934 141 445 135 933 589 479 306 60 486 562 599 689 714 618 431 242 1 990 531 976 169 48 682 59 874 780 787 613 39 956 391 157 118 596 858
682 72
129 181 963 657 149 678 74 584 683 537 309 246 118 364 943 568 557 638 472 670 196 308 743 477 50 654 521 183 668 799 259 390 387 748 159 776 370 436 258 169 110 408 961 465 165 105 626 592 700 991 810 786 424 319 324 381 649 143 69 59 233 56 293 988 81 388 769 770 142 204 445 229
167 36
322 857 246 452 510 664 14 623 571 321 725 162 139 952 987 996 34 773 42 781 963 670 303 802 449 253 137 81 500 849 325 166 937 314 827 471
148 50
111 138 810 159 475 419 551 539 407 595 741 714 565 42 89 248 781 774 325 386 129 30 865 797 885 487 255 417 60 45 281 851 991 763 94 506 283 486 220 24 28 746 996 618 216 937 715 999 199 172
135 93
163 205 866 485 436 126 616 548 881 95 948 934 221 619 69 338 67 744 131 249 722 258 527 775 427 503 622 40 191 457 692 52 875 366 795 176 218 967 167 245 791 184 992 610 198 128 429 621 54 21 829 374 810 281 270 655 801 811 165 737 871 150 196 701 980 408 237 348 909 579 757 370 139 367 599 889 464 506 544 638 942 59 747 850 477 890 921 770 964 760 27 662 577
162 25
151 915 638 131 381 274 836 963 947 994 891 301 919 59 604 841 989 881 975 186 1 405 368 702 87
896 77
657 989 362 817 193 299 41 312 738 490 635 541 891 761 253 764 188 231 695 77 123 113 580 593 287 685 826 913 51 744 297 650 24 159 324 34 810 436 847 582 570 283 227 476 353 805 187 558 598 444 119 934 730 275 325 666 674 887 472 831 192 660 907 402 553 464 609 903 45 996 941 848 949 484 726 292 405
781 98
578 856 19 247 597 308 764 196 470 537 54 209 98 344 120 710 761 755 789 939 62 864 7 71 731 546 795 232 660 127 929 973 638 842 553 855 445 991 883 108 237 242 335 937 674 222 678 576 800 996 604 865 14 636 135 111 877 944 366 592 686 844 704 272 486 83 435 28 246 495 752 959 613 885 706 499 377 214 741 379 387 289 866 690 946 730 131 248 829 722 446 201 502 126 461 459 63 238
